#Proyecto Individual

## Diseño e Implementación de una aplicación para Nitidez en Imágenes

## Registros Utilizados

```NASM

r15 ; initial position of pixels to process [contador_pixels] : contador of read pixel >Usar<

r13 ; width

r10 ; index of cols x

r8 ; aux to save current initial position

r7 ; acomulador de operaciones \/

```


## Variables Utilizadas
[total_pixels_number] : total pixels to read x

[total_pixels_number_000] : total pixels to read (include 000s) x

[height_number] : height


Formule
    # = pos +- width*3 +- Num

Example: 
    1: 0  => r8 = r15 - r13*3 - 9
    2: 3  => r8 = r15 - r13*3 - 6
    3: 6  => r8 = r15 - r13*3 - 3
    4: 54 => r8 = r15 - 3
    5: 57 => r8 = r15
    6: 60 => r8 = r15 + 3
    7: 108 => r8 = r15 + r13*3 + 3
    8: 111 => r8 = r15 + r13*3 + 6
    9: 114 => r8 = r15 + r13*3 + 9


EXAMPLE : 16x16

----------------------------------SIN BORDES----------------------------------
        1   2   3   4   5   6   7   8   9   10  11  12  13  14  15  16

        000 000 000 000 000 000 000 000 000 000 000 000 000 000 000 000     1
        000 000 000 000 000 151 152 152 152 152 150 000 000 000 000 000     2
        000 000 000 000 000 151 154 149 149 154 151 000 000 000 000 000     3
        164 169 168 166 166 158 169 169 169 169 158 166 166 168 169 165     4
        175 234 208 180 174 218 234 234 234 234 218 174 180 208 234 175     5
        175 234 208 180 174 218 234 234 234 234 218 174 180 208 234 175     6
        174 234 208 180 174 218 233 222 222 234 218 174 180 208 234 175     7
        166 202 189 183 176 196 207 207 207 207 196 176 183 189 202 165     8
        152 173 179 176 169 185 193 193 193 193 185 169 176 179 173 152     9
        151 184 194 159 159 201 213 213 213 213 201 159 159 194 184 151     10
        151 184 205 162 163 209 213 213 213 213 209 163 163 206 184 151     11
        151 184 213 210 211 213 213 213 213 213 213 211 210 213 184 151     12
        151 162 174 174 174 174 174 174 174 174 174 174 174 174 162 151     13
        153 173 190 190 190 190 190 190 190 190 190 190 190 190 173 153     14
        000 164 166 166 166 166 166 166 166 166 166 166 166 166 165 000     15
        000 000 000 000 000 000 000 000 000 000 000 000 000 000 000 000     16

----------------------------------CON BORDES----------------------------------
        -|----1...2...3...4...5...6...7...8...9..10..11..12..13..14..15..16--|--
        000 000 000 000 000 000 000 000 000 000 000 000 000 000 000 000 000 000
| 057 | 000 000 000 000 000 000 000 000 000 000 000 000 000 000 000 000 000 000 | 102 |
| 111 | 000 000 000 000 000 000 151 152 152 152 152 150 000 000 000 000 000 000 | 156 |
| 165 | 000 000 000 000 000 000 151 154 149 149 154 151 000 000 000 000 000 000 | 210 |
| 219 | 000 164 169 168 166 166 158 169 169 169 169 158 166 166 168 169 165 000 | 264 |
| 273 | 000 175 234 208 180 174 218 234 234 234 234 218 174 180 208 234 175 000 | 318 |
| 327 | 000 175 234 208 180 174 218 234 234 234 234 218 174 180 208 234 175 000 | 372 |
| 381 | 000 174 234 208 180 174 218 233 222 222 234 218 174 180 208 234 175 000 | 426 |
| 435 | 000 166 202 189 183 176 196 207 207 207 207 196 176 183 189 202 165 000 | 480 |
| 489 | 000 152 173 179 176 169 185 193 193 193 193 185 169 176 179 173 152 000 | 534 |
| 543 | 000 151 184 194 159 159 201 213 213 213 213 201 159 159 194 184 151 000 | 588 |
| 597 | 000 151 184 205 162 163 209 213 213 213 213 209 163 163 206 184 151 000 | 642 |
| 651 | 000 151 184 213 210 211 213 213 213 213 213 213 211 210 213 184 151 000 | 696 |
| 705 | 000 151 162 174 174 174 174 174 174 174 174 174 174 174 174 162 151 000 | 750 |
| 759 | 000 153 173 190 190 190 190 190 190 190 190 190 190 190 190 173 153 000 | 804 |
| 813 | 000 000 164 166 166 166 166 166 166 166 166 166 166 166 166 165 000 000 | 858 |
| 867 | 000 000 000 000 000 000 000 000 000 000 000 000 000 000 000 000 000 000 | 912 |
        000 000 000 000 000 000 000 000 000 000 000 000 000 000 000 000 000 000 


PASOS PARA DEMOSTRACIÓN
1. Python >>> python3 code_python.py
2. NASM   >>> sudo ./generar.sh code
3. Python >>> python3 show_images.py
